0 0.266015 0.258827 0.297462 0.177724
0 0.406842 0.0912549 0.192405 0.18251
0 0.858962 0.513478 0.166786 0.288495
0 0.170414 0.715929 0.213326 0.329709
0 0.623144 0.884989 0.115275 0.167764
0 0.564424 0.090967 0.0813039 0.0980133
0 0.461403 0.185853 0.127889 0.140405
0 0.702642 0.86725 0.103827 0.183073
0 0.95 0.294416 0.0985738 0.0764768
0 0.808671 0.219838 0.0850459 0.0939735
0 0.623015 0.630217 0.237631 0.203368
0 0.0769131 0.0636857 0.07458 0.0871524
0 0.768444 0.100084 0.0799672 0.0651577
0 0.196613 0.482313 0.281841 0.108439
0 0.896448 0.201641 0.206587 0.147068
0 0.632046 0.322477 0.252641 0.120998
0 0.0750313 0.576826 0.150063 0.168046
0 0.64165 0.0308457 0.113023 0.0616913
0 0.964306 0.0511506 0.0713884 0.0934897
0 0.670266 0.109378 0.067883 0.0424677
0 0.17299 0.0734257 0.115372 0.124755
0 0.499434 0.729626 0.187644 0.0792187
0 0.35604 0.431112 0.105281 0.0649521
